0.1900 1.2000
0.5211 0.2792
-0.4117 0.2830
-0.9798 -0.2908
-0.4965 0.3028
0.1900 1.2500
-0.5076 -1.0493
0.6372 0.3945
0.9173 -0.3269
0.8399 -0.5987
-0.4910 0.2618
-0.1321 -1.1958
0.2500 1.2500
-0.9400 -0.3558
0.5739 -0.9285
0.9132 -0.3962
-0.4968 -1.0963
0.4592 0.1230
0.2845 -1.2206
-0.2194 -1.4778
0.3300 1.1500
1.0108 -0.5322
-0.0500 1.1700
0.5973 0.1431
0.9585 -0.4045
-0.1500 1.0700
-0.5550 0.3017
0.5148 -1.1427
-0.4865 0.3024
-0.9723 -0.4612
0.6128 0.4142
0.4990 0.2950
-0.2687 -1.3679
0.0090 -0.4959
-0.5343 0.1493
0.1000 1.1500
-0.8752 -0.7008
-0.1117 1.0776
0.4939 0.3148
0.7538 -0.8866
0.4982 0.3262
0.6329 0.4458
0.7704 -0.7042
0.1561 -1.1892
0.5176 -1.0499
0.1546 -1.5736
-0.7077 -0.7910
-0.9229 -0.6415
-0.2873 -1.2116
0.6896 0.3369
-0.2078 -1.5652
-0.9195 -0.7085
0.2613 -1.1490
-0.3971 0.4543
-0.6904 -1.0084
0.3207 -1.2026
-0.9556 -0.3580
0.4535 -1.0746
-0.0793 1.0993
0.0222 -1.6314
0.9703 -0.3500
0.0646 -1.6471
-0.2519 -1.1631
0.8801 -0.6073
-0.6328 0.2150
-1.0472 -0.2267
0.3769 0.2893
-0.5501 0.2982
0.5061 0.3490
-0.0187 -1.1352
-0.1330 1.1338
-0.5432 0.4849
0.7364 -0.8538
-0.0198 -1.2251
-0.3041 -1.0861
0.8994 -0.4885
-0.0219 -0.3523
0.6430 -0.9174
0.4723 0.3867
-0.1883 1.0776
0.8770 -0.6050
-0.9742 -0.3686
-0.0526 -0.5385
-0.3654 0.4084
-0.4360 0.4163
0.9619 -0.5774
-0.0793 1.2407
0.4042 -1.1034
-0.4236 0.3161
1.0727 -0.2544
-0.1523 -1.5672
-0.9748 -0.2982
0.6078 -0.9759
0.6623 0.2135
-0.9295 -0.6973
-0.6541 -1.0061
0.6714 -0.8590
-0.2105 -1.5292
0.8624 -0.5336
0.1582 -1.6224
0.9866 -0.3211
-0.1500 1.2700
0.5173 0.1384
0.1491 -1.5907
-0.7037 -0.8528
0.5383 0.2938
-0.4614 0.2766
-0.6299 -0.9221
-0.5086 0.4282
-0.4389 0.3784
-0.2748 -1.4391
0.3293 -1.1055
0.1926 -1.5688
-0.0093 -0.5868
0.3850 -1.0578
0.9546 -0.2799
-0.4692 -1.0295
0.6619 0.2132
0.0959 -1.5907
0.5420 -0.9457
-0.1987 -1.1069
-0.6808 0.2208
0.3100 1.1000
-0.5220 0.2194
-0.2424 1.2083
0.5312 0.3294
0.0680 -1.2514
-0.0556 -0.5673
0.2650 -1.3630
0.9724 -0.2351
-0.5022 0.3003
0.2935 -1.2433
0.2427 -1.4943
-0.0348 -1.6335
0.1427 -1.1783
0.0318 -0.6362
-0.6941 -0.9664
0.0475 -0.6673
0.2975 -1.2945
0.4847 0.2728
0.9751 -0.2451
0.1000 1.1000
-0.3900 0.4076
-0.8683 -0.6499
-0.0240 -0.4296
0.4260 0.1625
0.8827 -0.5535
-0.1599 1.1313
0.4088 0.3017
-0.6742 -1.0015
-0.8403 -0.6104
-0.0576 1.1317
-0.4430 0.4526
-1.0580 -0.3615
-0.2424 1.1317
-0.8413 -0.6786
0.2637 -1.4403
-0.2728 -1.3137
-0.3907 -1.1226
-0.2764 -1.2792
0.1300 1.2000
0.2900 1.1500
1.0572 -0.3725
0.4828 0.3454
-0.4707 -1.0545
-0.0996 -1.6463
-0.1899 1.1725
0.6766 -0.9592
-0.5754 -1.0044
0.2231 -1.5294
-0.1792 1.1974
-0.3416 0.3524
0.6056 0.2042
-0.1877 -1.5789
-0.5958 0.4097
0.2895 -1.2610
0.1600 1.1500
-0.5561 0.3258
0.5639 -0.9416
-0.2944 -1.4018
-0.5013 -1.0184
0.3050 -1.3563
-0.4975 0.2943
-0.0411 -1.6718
-0.5052 0.1802
0.2848 -1.2258
0.3528 0.2883
0.0282 -1.6356
-0.4929 0.3047
-0.8812 -0.5625
0.0390 -1.6306
0.2705 -1.4253
0.3500 1.2000
0.2740 -1.4290
-0.6447 0.4373
0.7242 -0.9795
0.9963 -0.5515
0.0017 -0.5896
0.5026 -0.9977
-0.8704 -0.5930
0.0558 -1.6710
-0.0122 -0.3758
-0.2207 1.0993
0.1784 -1.2404
0.2414 -1.4300
-0.3320 -1.0666
-0.4986 0.3151
-0.7564 -0.8554
0.3453 0.3574
-0.0576 1.2083
-0.1883 1.2624
-0.9306 -0.7099
-0.6564 -0.8947
-0.8946 -0.4721
0.1900 1.1500
0.5500 -1.0688
-0.4711 0.2927
0.1548 -1.5888
0.3851 -1.0664
-0.5952 -0.9140
-0.0035 -1.6289
0.0122 -1.1602
-0.2207 1.2407
-0.0118 -0.6318
-0.2454 -1.4310
-0.2058 -1.2407
-0.3576 0.2996
-0.4169 0.4309
0.7901 -0.7139
-0.6161 0.4006
0.1096 -1.6395
0.2380 -1.4694
-0.2529 -1.4131
-0.8911 -0.5754
0.9844 -0.5181
-0.4576 0.2992
1.0553 -0.3392
0.3633 0.3250
0.5211 0.2336
-0.2088 -1.1475
0.5647 0.1746
0.9596 -0.5277
-0.1550 1.2097
-0.2974 -1.3275
0.9899 -0.2547
-0.0162 -0.3602
0.9354 -0.3910
0.4562 0.2205
0.3518 0.3616
-0.5685 0.2116
0.4624 0.2282
0.0519 -0.5043
0.4890 0.3073
-0.9142 -0.4359
-0.7577 -0.7592
-0.6685 -0.9904
-0.8493 -0.7079
-0.1390 -1.2619
0.2522 -1.4519
0.5117 0.2975
-0.9061 -0.5582
-0.2936 -1.2356
-0.5191 0.1383
-0.4484 -1.0840
0.4696 -1.0809
0.6299 -0.9606
0.3700 1.2500
0.1000 1.2000
0.8587 -0.7598
-0.5559 0.1602
-0.3633 0.2292
-0.1927 -1.2362
0.4925 0.3958
0.1000 1.2500
-0.7607 -0.7543
0.3828 0.3110
-0.2586 -1.3653
-0.1117 1.2624
0.0847 -1.1385
0.3943 0.3578
-0.8905 -0.6093
0.5681 0.1882
0.2743 -1.4340
0.4531 -1.0533
0.2700 1.2000
-0.3461 -1.1695
-0.9369 -0.3366
-0.2500 1.1700
1.0215 -0.4758
-0.3772 0.4189
0.0773 -0.6430
0.2372 -1.5174
0.3779 0.3169
0.5424 0.2959
0.3512 0.3354
-0.0727 -1.6397
0.3850 -1.0788
-0.4063 0.2002
-0.1286 1.2038
-0.1824 1.1465
-0.9717 -0.5534
0.1900 1.1000
0.5452 -1.0214
-0.1049 -1.1478
